1               2->     1       2.000000        0.500000
2               6->     2       3.000000        0.333333
4               12->    4       3.000000        0.333333
6               18->    6       3.000000        0.333333
8               30->    8       3.750000        0.266667
12              42->    12      3.500000        0.285714
16              60->    16      3.750000        0.266667
20              66->    20      3.300000        0.303030
24              90->    24      3.750000        0.266667
32              120->   32      3.750000        0.266667
36              126->   36      3.500000        0.285714
40              150->   40      3.750000        0.266667
48              210->   48      4.375000        0.228571
64              240->   64      3.750000        0.266667
72              270->   72      3.750000        0.266667
80              330->   80      4.125000        0.242424
96              420->   96      4.375000        0.228571
120             462->   120     3.850000        0.259740
128             510->   128     3.984375        0.250980
144             630->   144     4.375000        0.228571
160             660->   160     4.125000        0.242424
176             690->   176     3.920455        0.255072
192             840->   192     4.375000        0.228571
224             870->   224     3.883929        0.257471
240             1050->  240     4.375000        0.228571
288             1260->  288     4.375000        0.228571
320             1320->  320     4.125000        0.242424
336             1470->  336     4.375000        0.228571
384             1680->  384     4.375000        0.228571
432             1890->  432     4.375000        0.228571
480             2310->  480     4.812500        0.207792
576             2730->  576     4.739583        0.210989
672             2940->  672     4.375000        0.228571
720             3150->  720     4.375000        0.228571
768             3570->  768     4.648438        0.215126
864             3990->  864     4.618055        0.216541
960             4620->  960     4.812500        0.207792
1056            4830->  1056    4.573864        0.218634
1152            5460->  1152    4.739583        0.210989
1280            5610->  1280    4.382812        0.228164
1296            5670->  1296    4.375000        0.228571
1344            6090->  1344    4.531250        0.220690
1440            6930->  1440    4.812500        0.207792
1536            7140->  1536    4.648438        0.215126
1680            7350->  1680    4.375000        0.228571
1728            8190->  1728    4.739583        0.210989
1920            9240->  1920    4.812500        0.207792
2112            9660->  2112    4.573864        0.218634
2208            9870->  2208    4.470109        0.223708
2304            10920-> 2304    4.739583        0.210989
2400            11550-> 2400    4.812500        0.207792
2592            11970-> 2592    4.618055        0.216541
2688            12180-> 2688    4.531250        0.220690
2784            12390-> 2784    4.450431        0.224697
2880            13860-> 2880    4.812500        0.207792
3072            14280-> 3072    4.648438        0.215126
3168            14490-> 3168    4.573864        0.218634
3360            16170-> 3360    4.812500        0.207792
3456            16380-> 3456    4.739583        0.210989
3744            16590-> 3744    4.431090        0.225678
3840            18480-> 3840    4.812500        0.207792
4032            19110-> 4032    4.739583        0.210989